5.53    434.2
6.53    434.2
6.53    453.8
7.77    453.8
7.77    468.6
9   468.6
9   487.3
10.2    487.3
10.2    503.3
11.27   503.3
11.27   508.1
12.57   508.1
12.57   533.7
13.78   533.7
13.78   532.3
14.93   532.3
14.93   547.4
16.15   547.4
16.15   560.1
17.38   560.1
17.38   560.7
18.68   560.7
18.68   578
19.91   578
19.91   580.3
21.05   580.3
21.05   589.7
22.31   589.7
22.31   588.1
23.46   588.1
23.46   607.1
24.6    607.1
24.6    608.6
25.82   608.6
25.82   613.2
26.94   613.2
26.94   620.8
28.17   620.8
28.17   629.2
29.29   629.2
29.29   630.2
30.45   630.2
30.45   641
31.51   641
31.51   651.9
32.47   651.9
32.47   643
33.35   643
33.35   653.5
34.38   653.5
34.38   658.9
35.4    658.9
35.4    667.9
36.57   667.9
36.57   673.3
37.64   673.3
37.64   682.2
38.71   682.2
38.71   688.8
39.73   688.8
39.73   686.9
40.71   686.9
40.71   693.6
41.82   693.6
41.82   696
42.84   696
42.84   701.5
43.87   701.5
43.87   700.5
44.84   700.5
44.84   717.4
45.9    717.4
45.9    723.9
46.84   723.9
46.84   713.2
47.89   713.2
47.89   732.8
48.82   732.8
48.82   728.1
49.85   728.1
49.85   732
50.9    732
50.9    737.2
51.95   737.2
51.95   745.8
52.94   745.8
52.94   756.8
53.92   756.8
53.92   753.1
54.98   753.1
54.98   746.9
55.87   746.9
55.87   757.5
56.91   757.5
56.91   762
57.85   762
57.85   772.7
58.83   772.7
58.83   758.8
59.9    758.8
59.9    775.5
60.89   775.5
60.89   778.5
61.91   778.5
61.91   773.7
62.92   773.7
62.92   779.5
63.94   779.5
63.94   776.8
64.9    776.8
64.9    799.3
65.95   799.3
65.95   790.5
66.88   790.5
66.88   799.8
67.84   799.8
67.84   802
68.8    802
68.8    794.8
69.86   794.8
69.86   795.6
70.87   795.6
70.87   802.3
71.81   802.3
71.81   812
72.74   812
72.74   819.9
73.67   819.9
73.67   820.2
74.61   820.2
74.61   817.3
75.69   817.3
75.69   826.2
76.59   826.2
76.59   828.3
77.63   828.3
77.63   825.2
78.54   825.2
78.54   816
79.49   816
79.49   841.4
80.5    841.4
80.5    836.3
81.32   836.3
81.32   827.5
82.29   827.5